5556.7,5505.7,5466.7,5429.1,5393.1,5372.3,5345.0,5348.1,5330.7,5334.5,5338.3,5342.5,5355.2,5371.6,5373.0,5374.7,5369.6,5365.5,5368.5,5377.6,5398.3,5404.7,5411.2,5433.7,5444.4,5447.2,5448.7
5566.3,5519.0,5468.2,5437.8,5406.8,5382.1,5365.1,5365.2,5366.3,5352.0,5358.0,5372.9,5395.4,5408.5,5409.2,5415.4,5418.7,5416.5,5436.4,5446.1,5455.4,5461.7,5475.1,5484.0,5492.3,5497.2,5498.3
5572.6,5540.5,5478.4,5441.6,5405.8,5395.3,5379.8,5372.7,5386.7,5392.3,5399.6,5413.7,5432.0,5438.9,5448.3,5451.8,5471.8,5482.5,5481.9,5494.2,5504.9,5513.9,5521.1,5528.3,5537.8,5539.0,5541.3
5612.8,5542.2,5486.4,5441.6,5415.0,5399.0,5389.3,5391.0,5397.5,5411.9,5420.9,5436.5,5451.0,5474.3,5487.2,5499.7,5509.4,5521.0,5529.8,5542.2,5549.9,5556.8,5561.9,5570.3,5578.4,5580.5,5582.3
5617.6,5545.9,5489.5,5446.9,5422.1,5412.1,5396.8,5394.8,5412.1,5418.8,5445.6,5459.7,5475.5,5493.6,5513.6,5532.2,5545.4,5553.0,5565.5,5576.8,5588.8,5596.5,5603.1,5608.1,5617.0,5619.7,5617.9
5630.1,5554.0,5490.3,5443.6,5423.0,5406.7,5402.5,5399.4,5413.2,5422.5,5453.5,5479.7,5494.3,5515.7,5536.7,5554.3,5572.9,5589.3,5597.6,5610.5,5622.3,5631.6,5636.4,5643.3,5650.5,5652.7,5649.1
5622.7,5557.4,5500.4,5459.2,5428.7,5408.3,5398.3,5415.9,5421.7,5433.7,5457.1,5489.1,5508.5,5532.7,5559.5,5584.0,5600.4,5620.8,5632.2,5643.8,5653.5,5665.7,5669.5,5680.4,5681.6,5682.7,5681.5
5636.3,5563.0,5504.2,5460.5,5434.7,5412.2,5408.6,5405.3,5418.6,5435.0,5465.5,5490.8,5517.3,5545.2,5565.1,5594.7,5623.6,5643.4,5659.8,5675.4,5680.0,5693.3,5699.6,5707.5,5709.2,5707.0,5702.0
5653.7,5570.3,5512.8,5473.9,5440.5,5425.0,5417.7,5411.8,5418.4,5438.3,5460.6,5490.1,5514.1,5554.1,5582.1,5618.1,5645.9,5669.0,5684.1,5700.5,5712.5,5719.0,5728.9,5733.6,5733.9,5731.8,5726.5
5657.7,5588.3,5531.9,5490.7,5456.6,5434.3,5423.9,5415.4,5423.8,5432.1,5464.7,5486.2,5520.0,5559.5,5596.9,5630.5,5664.8,5691.1,5713.8,5724.0,5733.1,5743.4,5749.5,5756.0,5755.7,5753.6,5747.4
5679.0,5609.7,5555.6,5511.2,5479.8,5451.3,5436.5,5427.4,5420.6,5437.9,5463.7,5499.5,5526.6,5565.6,5607.3,5637.1,5682.7,5711.1,5730.4,5746.8,5763.9,5770.2,5774.2,5774.8,5775.6,5771.8,5768.6
5719.6,5631.6,5577.3,5530.4,5505.1,5468.8,5448.6,5438.3,5437.1,5451.4,5479.2,5503.9,5540.2,5578.6,5620.2,5653.7,5688.8,5718.2,5756.8,5769.7,5785.0,5789.8,5792.0,5795.0,5795.1,5790.0,5784.3
5751.4,5666.9,5612.3,5559.8,5522.1,5487.5,5458.5,5452.6,5456.2,5461.1,5483.3,5517.9,5550.7,5588.6,5635.4,5672.6,5707.5,5740.9,5772.2,5788.1,5806.2,5814.1,5812.5,5812.3,5810.7,5806.7,5798.7
5770.2,5719.1,5650.7,5599.4,5560.9,5519.0,5488.7,5475.9,5474.1,5475.2,5494.6,5536.0,5571.2,5605.1,5654.7,5695.0,5732.2,5766.6,5788.9,5813.7,5821.9,5835.1,5828.2,5830.5,5829.1,5826.5,5814.5
5849.9,5776.8,5718.3,5660.1,5616.6,5547.3,5523.1,5506.0,5497.5,5509.5,5524.4,5552.6,5588.7,5630.3,5674.3,5715.8,5751.7,5786.4,5819.2,5828.3,5840.7,5850.5,5850.8,5845.7,5843.9,5840.5,5841.5
5929.9,5836.2,5764.1,5680.4,5616.1,5584.2,5557.6,5539.5,5529.6,5535.2,5551.5,5589.5,5613.5,5652.4,5704.8,5739.9,5775.5,5817.3,5839.3,5847.3,5861.1,5871.2,5866.3,5860.0,5857.4,5855.0,5853.1
8410.6,7659.2,5722.1,5690.4,5653.2,5601.2,5587.7,5571.4,5567.0,5574.2,5580.6,5619.5,5645.1,5673.6,5729.9,5770.0,5816.9,5843.6,5865.5,5870.8,5886.0,5881.0,5872.6,5872.5,5868.9,5866.0,5867.2
4142.0,5964.8,5901.2,5843.3,5690.5,5645.9,5632.4,5623.0,5604.9,5609.4,5619.9,5660.6,5681.1,5710.6,5752.4,5795.2,5844.3,5869.3,5882.6,5894.2,5909.8,5902.2,5884.3,5883.8,5876.0,5874.8,5876.5
nan,6031.8,5965.7,5902.0,5713.1,5703.7,5696.0,5693.8,5670.9,5669.8,5674.2,5693.7,5725.6,5755.6,5781.5,5816.2,5865.8,5897.7,5913.5,5918.5,5918.9,5921.5,5893.2,5877.0,5880.6,5881.3,5883.6
nan,nan,6899.9,6743.7,5905.0,5693.7,5707.1,5728.9,5718.3,5706.0,5719.1,5729.7,5771.9,5797.4,5814.6,5832.2,5860.6,5910.5,5920.5,5932.5,5940.2,5906.9,5890.9,5874.3,5880.1,5881.9,5879.2
nan,nan,nan,6917.0,nan,6251.6,5710.1,5780.0,5751.4,5742.4,5759.6,5761.4,5795.3,5823.8,5833.1,5834.1,5850.9,5888.1,5931.0,5934.3,5912.0,5913.9,5845.9,5868.7,5873.6,5884.3,5884.0
