5410.0,5400.1,5395.0,5393.5,5385.3,5374.8,5376.3,5369.7,5360.7,5356.5,5355.2,5357.7,5367.7,5371.3,5385.2,5386.8,5389.3,5403.0,5420.8,5436.4,5440.2,5448.3,5446.9,5444.9,5440.9,5443.3,5437.4
5426.5,5419.0,5405.9,5393.8,5398.6,5393.7,5384.6,5381.8,5376.2,5371.4,5377.6,5378.4,5376.6,5394.4,5397.9,5417.1,5423.8,5434.1,5455.3,5469.7,5479.5,5488.0,5486.6,5487.0,5488.0,5484.8,5479.0
5463.6,5444.7,5432.0,5417.2,5418.9,5407.3,5400.0,5392.3,5391.5,5389.8,5394.8,5396.6,5403.6,5408.7,5429.3,5438.3,5448.9,5464.1,5496.7,5507.7,5515.4,5520.4,5530.1,5528.0,5531.1,5525.5,5519.5
5477.2,5459.0,5445.8,5437.1,5424.8,5416.1,5407.5,5407.0,5408.3,5405.7,5411.1,5413.4,5424.7,5435.1,5441.1,5456.0,5472.0,5484.2,5519.7,5540.5,5554.3,5560.2,5568.3,5571.3,5570.4,5564.7,5558.5
5488.4,5491.3,5469.9,5442.5,5427.0,5427.7,5422.2,5418.8,5416.5,5421.4,5429.9,5438.8,5450.2,5455.7,5467.9,5479.3,5496.3,5522.2,5549.4,5567.2,5579.3,5589.2,5604.2,5606.9,5607.6,5600.1,5603.2
5538.1,5502.3,5473.5,5458.5,5439.9,5432.2,5430.6,5431.7,5433.1,5437.7,5450.7,5463.6,5470.4,5481.8,5490.8,5500.6,5535.5,5558.4,5574.4,5596.6,5606.9,5618.8,5626.6,5640.6,5644.9,5644.5,5638.0
5575.1,5524.2,5497.5,5475.8,5450.1,5441.8,5431.4,5441.0,5445.7,5451.0,5468.5,5477.3,5494.6,5503.0,5513.2,5538.2,5558.2,5583.4,5601.1,5619.1,5634.0,5647.1,5660.3,5665.0,5672.1,5678.0,5670.5
5618.0,5561.6,5517.8,5485.3,5464.5,5455.2,5447.6,5456.8,5463.7,5472.2,5487.1,5500.6,5509.6,5520.3,5549.2,5567.4,5578.9,5607.8,5631.7,5645.4,5662.5,5677.7,5687.2,5695.4,5702.3,5702.1,5706.2
5629.3,5578.2,5526.2,5500.5,5477.0,5468.1,5465.1,5469.0,5481.4,5493.5,5506.8,5519.8,5531.8,5560.1,5572.1,5584.8,5599.4,5629.7,5656.3,5670.8,5683.6,5707.4,5716.7,5723.0,5728.5,5737.2,5738.1
5654.1,5595.0,5544.2,5511.2,5492.5,5482.4,5481.5,5482.9,5495.3,5510.2,5528.7,5537.4,5554.2,5577.9,5590.5,5604.6,5621.7,5651.9,5680.0,5695.8,5710.5,5734.2,5744.0,5752.4,5755.3,5760.0,5765.6
5670.3,5612.1,5561.3,5525.6,5505.3,5496.0,5494.9,5503.7,5510.6,5527.2,5540.9,5557.5,5583.3,5595.1,5610.1,5624.8,5642.5,5676.3,5696.1,5715.2,5740.2,5757.5,5769.3,5776.5,5782.4,5788.4,5787.4
5696.8,5624.2,5576.2,5543.3,5522.8,5511.1,5512.2,5518.6,5531.7,5547.8,5560.7,5582.1,5599.8,5614.8,5631.3,5647.2,5663.7,5693.5,5715.8,5735.9,5758.3,5769.5,5792.8,5799.3,5810.1,5810.1,5804.3
5732.0,5649.1,5597.1,5559.0,5538.6,5524.7,5527.7,5533.9,5552.6,5566.3,5578.9,5601.6,5612.9,5631.7,5647.7,5666.0,5689.7,5714.8,5739.2,5758.0,5773.4,5788.0,5806.8,5813.9,5823.4,5824.9,5825.2
5764.4,5682.2,5626.3,5578.9,5555.1,5540.2,5540.3,5545.4,5563.9,5577.5,5596.6,5616.8,5633.9,5649.4,5665.5,5683.4,5710.7,5727.4,5757.3,5776.4,5790.1,5802.2,5824.1,5834.8,5844.5,5846.2,5847.5
5801.0,5724.5,5660.9,5607.2,5579.9,5561.9,5560.1,5564.9,5582.8,5596.5,5618.2,5635.4,5648.8,5664.9,5682.2,5703.4,5723.7,5743.8,5779.4,5794.5,5811.6,5824.6,5846.8,5856.9,5862.3,5865.3,5864.4
5845.7,5757.2,5698.4,5641.4,5603.9,5583.5,5581.8,5585.6,5609.0,5619.3,5640.0,5652.0,5666.7,5683.5,5700.3,5722.6,5743.1,5764.1,5798.6,5811.4,5828.3,5840.5,5859.3,5873.6,5879.4,5882.2,5883.4
5876.4,5794.6,5733.8,5677.5,5633.4,5613.5,5605.6,5611.4,5628.5,5639.8,5662.3,5674.4,5685.9,5701.3,5721.6,5744.9,5763.4,5787.3,5810.8,5834.3,5849.3,5854.5,5869.2,5883.2,5890.7,5893.9,5895.7
5937.5,5846.4,5773.2,5719.8,5675.4,5643.5,5634.9,5636.7,5655.5,5664.9,5682.2,5693.3,5708.6,5724.3,5744.9,5761.9,5777.1,5804.6,5830.5,5845.3,5855.5,5866.3,5882.0,5899.1,5902.3,5906.1,5907.4
5986.1,5891.6,5812.9,5765.8,5726.2,5683.3,5667.4,5673.0,5680.5,5690.5,5709.3,5717.4,5733.5,5745.8,5764.1,5778.3,5797.0,5820.4,5840.6,5856.2,5870.6,5884.5,5899.7,5907.6,5913.5,5916.9,5920.7
5986.1,5938.7,5875.1,5807.4,5763.3,5738.3,5696.8,5706.0,5707.1,5722.8,5741.9,5746.9,5755.7,5772.1,5786.1,5800.5,5807.5,5834.9,5855.4,5868.3,5880.2,5906.4,5912.8,5912.6,5924.5,5928.9,5921.0
6033.7,5987.3,5911.7,5855.6,5817.7,5778.0,5757.0,5727.9,5739.6,5765.8,5772.5,5773.2,5784.2,5794.7,5807.9,5804.5,5823.0,5857.0,5869.7,5880.6,5893.2,5911.3,5921.6,5924.8,5934.7,5936.9,5922.7
