53,56,58,63,67,71,76,76,83,85,91,93,97,95,95,95,91,92,87,86,82,75,75,69,63,60,55
53,59,60,63,71,72,75,79,85,84,91,98,99,100,101,100,99,94,88,88,84,80,78,74,68,61,58
53,57,59,63,67,72,74,82,86,87,97,100,102,104,105,103,101,97,91,89,85,82,81,79,72,70,62
53,59,61,62,65,73,77,82,88,92,100,100,105,108,108,105,104,101,95,93,88,85,84,81,77,75,70
54,57,61,66,68,74,76,86,88,92,99,104,108,108,109,107,105,104,98,98,94,90,84,80,78,75,71
54,56,63,67,70,74,78,83,88,92,100,105,105,106,106,107,104,106,103,97,95,91,89,81,77,74,71
51,57,60,66,68,77,78,85,89,91,99,103,105,104,105,107,108,106,102,98,96,92,87,85,78,76,71
51,54,62,67,69,76,77,83,90,92,97,102,102,102,109,109,108,105,99,98,95,90,88,86,80,78,74
52,53,63,67,70,75,78,82,87,90,94,97,100,105,104,105,107,103,99,98,96,89,88,86,82,79,74
51,54,62,67,69,73,76,78,84,88,95,97,100,104,105,103,103,101,98,96,94,88,87,85,82,81,74
48,55,61,66,68,71,74,80,82,88,91,95,101,102,103,102,101,98,98,96,91,88,86,86,83,80,75
49,57,60,65,68,71,75,78,83,89,90,95,98,100,100,100,98,96,95,95,92,91,86,85,81,79,75
47,55,58,62,68,68,74,75,81,85,89,94,95,96,96,96,96,96,93,92,90,89,84,82,78,77,73
47,53,55,62,65,66,70,72,78,82,87,92,92,94,93,95,93,92,90,88,88,87,81,80,78,77,71
47,53,55,61,63,65,69,71,77,81,83,88,90,90,92,89,88,90,88,87,87,85,80,79,78,70,68
43,50,53,58,61,63,66,69,73,78,84,86,86,88,88,89,88,86,86,85,83,81,78,77,76,69,66
42,49,51,55,58,59,63,66,69,76,79,83,84,84,85,85,86,83,82,80,82,81,79,76,71,65,65
39,45,51,54,56,59,60,64,66,70,77,80,82,81,80,82,83,80,80,79,79,76,75,71,66,64,63
37,43,47,51,53,56,59,61,64,67,73,76,77,79,78,78,77,76,75,75,77,74,70,68,63,62,62
33,38,41,47,50,53,57,61,60,64,67,71,75,76,76,74,74,74,72,71,71,67,67,63,61,60,58
32,33,36,43,46,47,48,54,57,59,63,67,67,70,70,72,72,68,67,68,65,63,63,60,59,57,53
