12,12,14,15,17,18,18,20,21,21,17,18,19,17,19,17,17,19,20,21,25,25,24,23,22,18,17
14,15,16,17,19,19,21,22,22,22,20,19,20,20,21,23,23,21,26,27,27,27,27,25,23,23,21
11,14,16,18,18,21,21,23,28,28,26,26,24,24,25,24,23,26,28,30,29,30,29,27,26,23,22
13,14,17,17,20,23,27,27,28,29,26,29,29,29,27,28,29,29,31,32,32,30,33,31,26,25,24
13,15,17,18,21,26,28,27,28,29,29,30,30,31,29,32,33,33,37,36,32,31,30,29,27,26,26
14,16,20,20,24,25,27,28,31,33,30,30,34,35,33,39,36,36,38,34,38,35,34,30,29,27,25
13,18,20,23,25,28,28,31,34,32,35,34,34,34,36,38,40,39,40,40,39,37,34,31,31,28,23
14,17,17,24,27,29,31,33,37,34,36,35,37,39,40,43,48,44,46,43,39,42,38,32,31,30,27
13,18,19,23,25,30,32,35,37,36,38,40,41,42,42,42,45,46,49,47,46,39,40,35,31,30,26
16,17,21,23,26,29,32,36,37,35,39,44,42,43,42,46,45,47,50,47,45,41,39,35,33,31,28
14,16,21,22,25,29,30,36,38,37,41,44,45,44,45,45,44,48,47,46,44,43,40,37,36,31,29
13,15,17,20,23,28,30,37,37,41,42,45,46,45,45,47,48,51,45,42,42,44,40,39,36,33,28
12,15,16,18,21,24,29,32,34,40,40,43,44,46,44,45,48,48,44,44,42,44,40,38,33,30,26
10,14,15,17,21,23,26,29,33,37,38,41,43,43,41,42,44,44,45,41,42,40,34,34,29,24,23
8,12,13,13,17,22,25,26,32,39,37,38,38,40,36,37,38,38,40,43,40,38,33,31,26,23,22
8,10,11,14,17,20,21,26,27,31,33,34,34,34,35,36,36,36,40,38,38,35,31,28,25,20,19
7,8,11,11,14,15,17,25,24,26,30,32,33,32,31,31,32,32,37,36,32,29,24,24,19,17,15
6,8,9,9,12,14,14,18,22,23,24,31,29,28,26,28,27,29,31,29,28,26,23,23,18,15,14
4,8,8,9,12,12,14,15,17,20,21,22,24,23,24,24,25,29,28,29,24,24,20,15,15,14,13
4,5,6,7,8,11,10,14,15,15,19,19,20,20,20,20,19,23,25,25,24,21,16,14,13,12,9
3,5,5,6,5,8,8,12,12,14,15,18,16,18,20,18,16,16,19,22,18,18,13,14,11,10,8
